ZADATAK 1

f1 - 3500 Hz
f2 - 20000 Hz
f3 - 4300 Hz

ZADATAK 2

Koeficijenti filtra (35):
 -594,
 -530,
 -342,
  -53,
  291,
  631,
  892,
 1007,
  921,
  602,
   53,
 -691,
-1566,
-2483,
-3339,
-4036,
-4491,
27523,
-4491,
-4036,
-3339,
-2483,
-1566,
 -691,
   53,
  602,
  921,
 1007,
  892,
  631,
  291,
  -53,
 -342,
 -530,
 -594

ZADATAK 3

Izracunavanje koeficijenata
A0 = 1
A1 = -2cos(2*pi*3500/48000)
A2 = 1
B1 = -2cos(2*pi*3500/48000)
B2 = 1 - (100/Q)^2 - Q je sirina notcha		   				

ZADATAK 4

Koeficijenti filtra (77):
  267,
  243,
  168,
   53,
  -79,
 -204,
 -294,
 -329,
 -296,
 -199,
  -53,
  114,
  272,
  384,
  425,
  380,
  250,
   54,
 -173,
 -387,
 -543,
 -600,
 -535,
 -346,
  -54,
  294,
  637,
  901,
 1018,
  930,
  609,
   54,
 -698,
-1582,
-2508,
-3373,
-4077,
-4537,
27805,
-4537,
-4077,
-3373,
-2508,
-1582,
 -698,
   54,
  609,
  930,
 1018,
  901,
  637,
  294,
  -54,
 -346,
 -535,
 -600,
 -543,
 -387,
 -173,
   54,
  250,
  380,
  425,
  384,
  272,
  114,
  -53,
 -199,
 -296,
 -329,
 -294,
 -204,
  -79,
   53,
  168,
  243,
  267

Koeficijenti filtra (129):
  108,
   50,
  -19,
  -88,
 -141,
 -167,
 -159,
 -118,
  -51,
   28,
  106,
  165,
  192,
  181,
  131,
   52,
  -40,
 -130,
 -196,
 -224,
 -208,
 -147,
  -52,
   57,
  161,
  237,
  268,
  244,
  169,
   53,
  -80,
 -205,
 -296,
 -330,
 -297,
 -200,
  -53,
  115,
  273,
  386,
  427,
  381,
  251,
   54,
 -174,
 -389,
 -545,
 -603,
 -538,
 -347,
  -54,
  296,
  640,
  905,
 1022,
  934,
  611,
   54,
 -701,
-1589,
-2518,
-3387,
-4094,
-4556,
27918,
-4556,
-4094,
-3387,
-2518,
-1589,
 -701,
   54,
  611,
  934,
 1022,
  905,
  640,
  296,
  -54,
 -347,
 -538,
 -603,
 -545,
 -389,
 -174,
   54,
  251,
  381,
  427,
  386,
  273,
  115,
  -53,
 -200,
 -297,
 -330,
 -296,
 -205,
  -80,
   53,
  169,
  244,
  268,
  237,
  161,
   57,
  -52,
 -147,
 -208,
 -224,
 -196,
 -130,
  -40,
   52,
  131,
  181,
  192,
  165,
  106,
   28,
  -51,
 -118,
 -159,
 -167,
 -141,
  -88,
  -19,
   50,
  108
